BT
/GS0 gs
/F0 1 Tf
39.8506 0 0 39.8506 137.3233397738 531.7296016614 Tm
0.03 Tc
[(Computer)-287. (Systems)]TJ
1 0 0 0.3 k
/F1 1 Tf
27.8954 0 0 27.8954 137.3233397738 486.8977016614 Tm
0 Tc
[(A)-250. (Programmer’)18. (s)-250. (Perspective)]TJ
0 0 0 1 k
21.9178 0 0 21.9178 137.3233397738 389.4482926457 Tm
[(Randal)-250 (E.)-250 (Bryant)]TJ
12.9514 0 0 12.9514 137.3233397738 369.1982926457 Tm
[(Carnegie)-250 (Mellon)-250 (University)]TJ
21.9178 0 0 21.9178 137.3233397738 329.3477926457 Tm
[(David)-250. (R.)-250. (O’Hallaron)]TJ
12.9514 0 0 12.9514 137.3233397738 311.4149926457 Tm
[(Carnegie)-250 (Mellon)-250 (University)]TJ
ET
/EmbeddedDocument /Prop0 BDC
1 0 0 1 -11.0085602262 -19.3880048960 cm
148.332 167.56 81.017 30.38 re
f
0 0 0 0 k
3 i
1 0 0 1 217.342 180.539 cm
0 0 m
-1.086 1.57 -3.26 4.589 -4.769 6.461 c
-4.83 1.57 -4.71 0 v
-5.132 0 -5.554 0.061 -6.038 0 c
-5.795 0.846 -5.735 7.969 -5.977 8.874 c
-5.616 8.874 -5.071 8.815 -4.71 8.874 c
-3.562 7.305 -1.208 4.166 0 2.537 c
0 3.744 0.059 7.548 -0.061 8.874 c
0.421 8.815 0.784 8.753 1.267 8.874 c
1.086 7.788 0.966 1.087 1.267 0 c
0.905 0.061 0.362 0.061 0 0 c
f
1 0 0 1 -19.077 2.475 cm
0 0 m
0 -2.052 -1.691 -2.596 -2.777 -2.596 c
-3.562 -2.596 -4.589 -2.234 -5.253 -1.871 c
-5.253 -1.208 -5.192 -0.966 -5.253 -0.301 c
-4.891 -0.784 -3.684 -1.509 -2.838 -1.509 c
-1.993 -1.509 -1.51 -1.027 -1.449 -0.241 c
-1.388 0.845 -3.139 1.69 -3.924 2.233 c
-4.589 2.778 -5.072 3.32 -5.072 4.226 c
-5.072 5.434 -3.985 6.399 -2.475 6.399 c
-1.51 6.399 -1.027 6.098 -0.182 5.675 c
-0.483 5.253 -0.665 4.89 -0.846 4.468 c
-1.147 4.89 -1.691 5.434 -2.475 5.434 c
-3.261 5.434 -3.684 4.89 -3.684 4.286 c
-3.684 3.743 -2.959 3.26 -1.753 2.475 c
-0.725 1.811 0 1.268 0 0 c
f
1 0 0 1 -7.004 -2.475 cm
0 0 m
-0.602 0.061 -1.267 0.061 -1.87 0 c
-2.173 0.543 -4.225 3.502 -4.527 3.744 c
-4.648 4.589 l
-3.44 4.529 -2.595 5.072 -2.595 6.34 c
-2.595 7.366 -3.501 7.909 -4.466 7.909 c
-4.768 7.909 -5.01 7.909 -5.251 7.909 c
-5.311 5.977 -5.251 1.751 -5.131 0 c
-5.673 0 -6.218 0.061 -6.761 0 c
-6.579 1.449 -6.579 7.366 -6.761 8.874 c
-5.251 8.753 -5.614 8.874 -4.286 8.874 c
-3.018 8.874 -1.206 8.453 -1.206 6.52 c
-1.206 4.951 -2.535 4.045 -3.199 4.045 c
-3.078 3.985 -0.482 0.483 0 0 c
f
1 0 0 1 -18.895 1.087 cm
0 0 m
-0.06 -0.363 -0.06 -0.784 -0.06 -1.147 c
-1.147 -1.027 -3.683 -1.027 -4.709 -1.147 c
-4.588 0 -4.588 6.58 -4.709 7.787 c
-3.984 7.666 -0.905 7.666 -0.121 7.787 c
-0.121 7.366 -0.121 7.003 -0.121 6.641 c
-0.905 6.7 -2.355 6.822 -3.2 6.761 c
-3.2 6.157 -3.26 5.07 -3.2 4.046 c
-2.355 3.985 -1.147 3.985 -0.302 4.166 c
-0.302 3.743 -0.302 3.38 -0.241 3.018 c
-1.267 3.139 -2.234 3.139 -3.2 3.078 c
-3.26 2.415 -3.26 0.483 -3.26 -0.12 c
-2.414 -0.12 -0.905 -0.061 0 0 c
f
1 0 0 1 36.704 3.442 cm
0 0 m
0 -2.537 -1.871 -4.71 -4.347 -4.71 c
-7.003 -4.71 -8.753 -2.596 -8.753 0 c
-8.753 2.232 -6.882 4.345 -4.406 4.345 c
-1.871 4.345 0 2.232 0 0 c
h
-1.509 -0.062 m
-1.509 1.387 -2.414 3.38 -4.406 3.38 c
-6.4 3.38 -7.245 1.387 -7.245 -0.062 c
-7.245 -1.751 -6.339 -3.743 -4.347 -3.743 c
-2.475 -3.743 -1.509 -1.751 -1.509 -0.062 c
f
1 0 0 1 -26.864 -4.529 cm
0 0 m
-0.423 0.061 -1.207 0 -1.69 0 c
-1.811 0.543 -2.234 1.811 -2.475 2.537 c
-3.622 2.595 -4.77 2.595 -5.796 2.537 c
-5.977 1.872 -6.399 0.423 -6.521 0 c
-6.822 0 -7.546 0 -7.908 0 c
-7.425 0.906 -4.951 7.728 -4.71 8.815 c
-4.165 8.753 -3.743 8.753 -3.26 8.815 c
-2.958 7.607 -0.423 0.846 0 0 c
h
-2.838 3.623 m
-3.2 4.709 -3.863 6.52 -4.165 7.366 c
-4.468 6.52 -5.011 4.77 -5.433 3.623 c
-4.77 3.502 -3.441 3.563 -2.838 3.623 c
f
1 0 0 1 -17.145 6.461 cm
0 0 m
0 -2.053 -1.993 -3.08 -3.744 -3.02 c
-3.803 -2.717 -3.803 -2.416 -3.864 -2.174 c
-2.355 -2.114 -1.389 -1.45 -1.389 -0.121 c
-1.389 0.905 -2.293 1.69 -3.441 1.69 c
-3.502 1.69 -3.925 1.69 -4.468 1.69 c
-4.468 -0.061 -4.468 -4.77 -4.347 -6.521 c
-4.891 -6.4 -5.373 -6.4 -5.917 -6.521 c
-5.977 -6.521 l
-5.855 -5.615 -5.735 1.568 -5.977 2.595 c
-4.407 2.475 -4.648 2.595 -3.321 2.595 c
-1.931 2.595 0 2.052 0 0 c
f
1 0 0 1 23.552 -10.978 cm
0 0 m
-12.482 0 -22.957 -1.915 -31.336 -3.843 c
-31.336 -3.691 l
-30.291 -3.258 -17.706 1.431 -0.001 1.437 c
-0.002 1.437 l
17.702 1.431 30.287 -3.258 31.331 -3.691 c
31.331 -3.843 l
22.955 -1.915 12.478 0 -0.003 0 c
0 0 l
f
EMC
BT
0 0 0 1 k
1 i
1 0 0 1 -29.4157648470 379.6960830210 cm
/F2 1.0000528290 Tf
18.929 0 0 18.929 -11.0085602262 49.3198652535 Tm
0.05 Tw
[(t)-66.2984680401 (h)-66.2984680401 (i)-66.2984680401 (r)-66.2984680401 (d)]TJ
/F3 18.9300000001 Tf
1 0 0 1 40.2764797742 49.3198652535 Tm
(  )Tj
/F2 1.0000528290 Tf
18.929 0 0 18.929 49.8414797742 49.3198652535 Tm
[(g)-66.2984680401 (l)-66.2984680401 (o)-66.2984680401 (b)-66.2984680401 (a)-66.2984680401 (l)]TJ
/F3 18.9300000001 Tf
1 0 0 1 116.0868697747 49.3198652535 Tm
(  )Tj
/F2 1.0000528290 Tf
18.929 0 0 18.929 125.6518697748 49.3198652535 Tm
[(e)-66.2984680401 (d)-66.2984680401 (i)-66.2984680401 (t)-66.2984680401 (i)-66.2984680401 (o)-66.2984680402 (n)]TJ
ET
